Variability in Taking Money from Partner Jurisdictions (Higher means More Similar)											
	Entropy	Entropu	Entropy	Entropy	Entropy	Entropy	Entropy	Entropy	Entropy	Entropy	Entropy
	2005	2006	2007	2008	2009	2010	2011	2012	2013	2014	2015
5A:All reporting countries	-2.63	-2.64	-2.65	-2.65	-2.59	-2.56	-2.62	-2.65	-2.68	-2.70	-2.75
AU:Australia	-1.90	-2.14	-2.26	-2.10	-1.98	-2.21	-2.14	-2.11	-2.18	-2.18	-2.16
AT:Austria			-2.11	-1.96	-1.89	-1.73	-1.71	-1.57	-1.43	-1.39	-1.46
BE:Belgium	-2.32	-2.29	-2.31	-2.32	-2.33	-2.29	-2.27	-2.45	-2.43	-2.50	-2.53
BR:Brazil	-1.95	-1.81	-1.93	-2.02	-1.97	-1.87	-1.75	-1.77	-1.75	-1.69	-1.81
CA:Canada			-1.17	-1.11	-1.01	-0.94	-0.84	-0.80	-0.92	-1.09	-1.16
CL:Chile	-1.29	-1.61	-1.54	-1.46	-1.17	-1.27	-1.37	-1.32	-1.53	-1.65	-1.58
TW:Chinese Taipei	-2.22	-2.03	-2.19	-2.22	-2.27	-2.24	-2.13	-1.98	-2.02	-1.99	-1.86
DK:Denmark	-2.28	-2.15	-2.16	-2.29	-2.21	-2.28	-2.25	-2.08	-2.17	-2.14	-2.07
FI:Finland	-1.73	-1.93	-1.51	-1.60	-1.45	-1.39	-1.48	-1.49	-1.69	-1.47	-1.40
FR:France	-2.22	-2.15	-2.15	-2.24	-2.15	-2.20	-2.09	-2.15	-2.20	-2.29	-2.30
DE:Germany											
GR:Greece	-0.61										
GG:Guernsey	-1.45	-1.56	-1.46	-1.32	-1.40	-1.58	-1.42	-1.43	-1.42	-1.35	-1.36
HK:Hong Kong SAR										-2.41	-2.32
IE:Ireland	-1.72	-1.63	-1.74	-1.79	-1.63	-1.69	-1.84	-1.82	-1.66	-1.70	-1.82
IM:Isle of Man	-1.95	-1.92	-1.94	-1.96	-1.90	-2.17	-2.19	-2.19	-2.27	-2.09	-2.05
JP:Japan											
JE:Jersey	-2.01	-1.96	-1.87	-1.98	-2.12	-2.17	-2.06	-2.12	-2.22	-2.25	-1.92
LU:Luxembourg	-1.83	-1.85	-1.87	-1.88	-1.81	-1.82	-1.87	-1.96	-1.99	-2.00	-2.13
MO:Macao SAR									-1.43	-1.44	-1.53
MX:Mexico	-1.32	-1.05	-1.18	-1.23	-1.14	-0.99	-0.93	-1.24	-1.18	-1.04	-1.23
NL:Netherlands	-2.12	-2.16	-2.06	-2.06	-2.03	-2.10	-2.27	-2.24	-2.31	-1.90	-2.10
ZA:South Africa					-1.12	-1.54	-1.76	-1.55	-1.42	-1.42	-1.68
KR:South Korea	-2.14	-2.10	-2.17	-2.05	-2.05	-2.07	-2.03	-2.13	-2.18	-2.28	-2.11
ES:Spain										-1.63	-1.75
SE:Sweden	-2.19	-2.32	-2.29	-2.26	-2.28	-2.13	-2.19	-2.17	-2.09	-2.10	-1.86
CH:Switzerland	-2.36	-2.58	-2.38	-2.61	-2.60	-2.61	-2.60	-2.69	-2.64	-2.67	-2.36
GB:United Kingdom	-2.68	-2.68	-2.71	-2.69	-2.57	-2.50	-2.59	-2.53	-2.61	-2.67	-2.70
US:United States	-2.06	-1.91	-1.92	-1.98	-1.85	-1.75	-1.97	-2.01	-2.00	-2.03	-2.09
