Democracy Score	GFC Ratings
6.96	6.00
9.01	7.07
9.01	6.96
8.41	6.56
8.36	6.14
7.77	6.38
8.36	6.73
6.9	6.32
6.9	6.13
8.36	6.63
9.15	7.10
9.15	6.97
9.15	6.92
9.15	6.24
3.14	7.11
3.14	7.03
3.14	6.89
3.14	6.68
3.14	6.49
3.14	6.04
3.14	5.95
7.65	6.19
7.82	6.37
9.2	6.55
7.85	6.53
9.03	6.12
7.92	6.80
8.63	7.01
8.63	6.46
8.63	6.28
8.36	6.20
7.23	6.11
8.36	6.57
6.42	7.44
6.72	6.23
9.5	5.98
7.81	6.35
6.97	6.33
9.15	6.72
7.85	6.66
7.98	6.41
7.98	6.21
7.99	7.25
7.99	6.88
8.36	6.58
3.06	6.15
7.31	6.42
8.81	6.95
6.54	6.40
8.39	6.09
8.28	6.26
6.47	6.22
7.92	6.27
4.77	6.65
8.8	6.67
9.26	6.61
9.93	6.50
7.13	6.02
6.94	6.29
6.83	6.64
7.86	6.16
3.18	6.51
3.24	6.03
3.24	6.01
1.93	6.18
6.38	7.42
7.41	6.48
7.92	6.86
7.92	6.25
8.3	6.36
9.39	6.60
9.09	7.04
9.09	6.94
7.79	6.77
4.92	6.34
5.04	6.17
2.75	6.91
2.75	6.82
8.36	7.80
8.36	6.47
8.36	6.43
7.98	7.56
7.98	6.93
7.98	6.90
7.98	6.83
7.98	6.83
7.98	6.76
8.36	6.71
2.79	6.45
8.36	6.39
9.09	6.31
7.1	6.30
