	2007 Rating	2008 Rating	2009 Rating	2010 Rating	2011 Rating	2012 Ranking	2013 Rating	2014 Rating	2015 Rating	2016 Ranking	obs num
Amsterdam 	599	590	586	604	625	638	629	658	665	659	10
Bahamas 		563	551	557	545	572	583	603	606	566	10
Beijing	482	509	613	651	655	626	598	668	676	683	10
Brussels	546	559	568	591	612	620	597	630	658	653	10
Cayman Islands	564	602	608	615	610	625	642	632	668	676	10
Chicago 	639	641	661	678	692	683	695	702	710	718	10
Copenhagen 	488	548	560	587	626	635	625	626	625	616	10
Dubai 	575	597	617	618	622	648	671	694	704	698	10
Dublin	605	622	613	612	614	618	605	607	654	663	10
Edinburgh 	587	614	605	615	632	632	590	621	613	610	10
Frankfurt 	649	636	649	660	667	677	702	695	706	695	10
Geneva	645	645	660	671	672	682	710	701	707	689	10
Helsinki 	518	534	533	573	618	627	604	582	604	586	10
Hong Kong	697	700	729	739	770	733	759	756	755	748	10
Isle of Man	583	611	609	618	617	629	638	622	628	611	10
Johannesburg 	463	525	550	566	603	603	592	659	669	618	10
Lisbon	422	430	477	529	582	554	535	555	619	607	10
London 	806	791	790	775	774	785	794	777	796	795	10
Luxembourg	596	622	637	643	637	646	696	697	700	711	10
Madrid 	516	525	560	581	608	614	607	585	597	608	10
Melbourne	588	586	584	617	656	657	652	681	685	600	10
Milan 	519	541	554	579	606	612	618	638	621	609	10
Montreal 	538	579	586	617	652	667	688	693	703	568	10
Mumbai 	470	497	542	562	578	586	570	625	627	680	10
Munich 	535	578	588	610	649	645	651	663	661	794	10
New York	787	774	774	775	773	765	779	778	788	593	10
Osaka 	502	493	565	606	641	650	655	667	699	699	10
Oslo 	500	534	538	581	621	636	669	629	618	628	10
Paris	622	607	630	642	643	640	656	669	664	672	10
Prague 	454	444	492	543	605	604	565	623	623	603	10
Rome 	479	467	537	574	597	590	650	631	605	612	10
San Francisco 	608	620	634	651	681	678	697	719	712	720	10
Sao Paulo 	434	471	560	590	607	619	643	666	672	626	10
Seoul 	464	502	576	615	679	685	701	715	724	704	10
Shanghai	527	568	655	668	724	656	690	690	698	700	10
Singapore	673	701	719	733	735	725	751	746	750	752	10
Stockholm	554	569	569	595	638	642	644	665	671	636	10
Sydney	636	630	651	670	669	670	692	682	705	712	10
Tokyo 	625	642	674	692	695	684	720	718	725	734	10
Toronto 	613	624	647	667	680	681	699	703	714	710	10
Vancouver	525	580	589	623	661	668	686	700	702	694	10
Vienna	515	530	555	583	615	633	685	673	674	645	10
Warsaw	438	424	456	520	593	598	571	612	663	633	10
Washington D.C. 	589	600	630	647	670	672	689	704	711	713	10
Zurich	666	676	676	677	686	691	718	717	715	716	10
Athens 		379	433	480	477	463	469	481	540	535	9
Boston 	621	625	634	652	678	680	714	705	659		9
British Virgin Islands 		584	584	596	611	624	626	639	709	719	9
Budapest		374	425	481	543	544	515	566	624	614	9
Gibraltar 		589	543	568	584	599	572	633	630	622	9
Glasgow 		586	550	570	628	630	586	636	615	615	9
Guernsey		622	638	632	635	641	649	619	632	630	9
Hamilton (Bermuda)	562	586	597	612	616	621	641	628		654	9
Jersey		622	640	643	650	654	657	624	633	639	9
Monaco		552	563	578	583	597	674	674	612	703	9
Moscow 		414	462	516	581	585	580	536	598	598	9
Bahrain 	455	529	558	587	596	596	610	634	647		8
Bangkok 			532	549	585	600	600	646	651	642	8
Buenos Aires			507	535	579	578	628	657	609	596	8
Istanbul			442	470	580	601	633	655	653	620	8
Jakarta 			511	535	577	573	606	620	610	597	8
Kuala Lumpur 			557	571	619	644	675	656	656	638	8
Malta			543	565	568	575	608	581	617	619	8
Manila 			494	527	570	570	587	627	631	595	8
Mauritius 			536	552	571	579	581	608	622	687	8
Mexico City 			541	563	609	602	584	652	616	624	8
Qatar	440	525	558	600	636	634	672	684			8
Reykjavik 			415	447	491	539	479	465	537	573	8
Rio de Janeiro 			532	566	602	608	654	650	666	623	8
Riyadh 			457	507	575	584	627	685	629	585	8
Shenzhen 			695	670	642	637	660	680	694	691	8
St. Petersburg			453	501	554	574	522	600	552	567	8
Taipei 			609	638	645	628	619	677	686	692	8
Tallinn 			445	488	574	583	495	498	550	627	8
Wellington	447	473	541	582	640	639	636	594			8
Abu Dhabi						631	637	692	679	662	5
Calgary 						647	684	678	662	658	5
Panama 							589	637	638	613	4
Tel Aviv 							653	664	687	643	4
Almaty								653	640	605	3
Busan 								676	690	640	3
Casablanca 								635	657	671	3
Cyprus 							536	540	587		3
Dalian									660	629	2
Doha									695	641	2
Liechtenstein									626	621	2
Los Angeles 									650	685	2
